"0","hist(weightScore)"
